2.952636480331420898e-01
6.836792826652526855e-01
8.052479028701782227e-01
9.104844927787780762e-01
9.190719723701477051e-01
8.348192572593688965e-01
2.015767097473144531e-01
1.847237944602966309e-01
1.153903007507324219e-01
5.128143429756164551e-01
7.260459661483764648e-02
2.490813136100769043e-01
3.566472530364990234e-01
1.855399012565612793e-01
3.607147932052612305e-01
1.805519461631774902e-01
3.510873317718505859e-01
8.786831498146057129e-01
6.649621725082397461e-01
7.791883945465087891e-01
1.210821270942687988e-01
7.596336007118225098e-01
5.603594779968261719e-01
2.260871529579162598e-01
6.699842810630798340e-01
4.745042324066162109e-01
8.887407183647155762e-01
7.228452563285827637e-01
7.810423970222473145e-01
7.512137293815612793e-01
4.844616651535034180e-01
8.041962385177612305e-01
9.063922166824340820e-01
2.188117504119873047e-01
1.774191856384277344e-01
1.174211502075195312e-04
5.764466524124145508e-02
8.736644983291625977e-01
5.108118653297424316e-01
8.164270520210266113e-01
5.135765075683593750e-01
7.865557074546813965e-01
2.222084999084472656e-02
6.842533349990844727e-01
1.956534385681152344e-01
9.888357520103454590e-01
4.805174469947814941e-01
5.292022228240966797e-02
4.409196972846984863e-01
8.490435481071472168e-01
7.361636757850646973e-01
4.311130046844482422e-01
3.242805600166320801e-01
6.187700629234313965e-01
6.903671622276306152e-01
6.453928947448730469e-01
2.873306870460510254e-01
2.354680299758911133e-01
4.952253103256225586e-01
9.152693152427673340e-01
4.015668630599975586e-01
6.976143121719360352e-01
5.541309714317321777e-01
1.463190913200378418e-01
1.737161874771118164e-01
4.072940349578857422e-01
8.179769515991210938e-01
8.321024775505065918e-01
5.798382759094238281e-01
5.479098558425903320e-01
1.862231492996215820e-01
8.614821434020996094e-01
5.355787277221679688e-01
8.192348480224609375e-02
8.362020254135131836e-01
6.721907854080200195e-02
8.778129220008850098e-01
5.329398512840270996e-01
2.552662491798400879e-01
5.979885458946228027e-01
5.665750503540039062e-01
5.770018696784973145e-01
2.756176590919494629e-01
3.868876695632934570e-01
8.232039213180541992e-01
9.106786847114562988e-01
2.400112748146057129e-01
5.087661147117614746e-01
1.424555778503417969e-01
1.306558847427368164e-01
5.011838078498840332e-01
8.023665547370910645e-01
4.046415686607360840e-01
5.853344798088073730e-01
9.299334883689880371e-01
3.290879726409912109e-01
5.116280317306518555e-01
5.323140025138854980e-01
4.496366977691650391e-01
8.630560040473937988e-01
3.760535120964050293e-01
2.734780311584472656e-01
9.559292793273925781e-01
7.252840399742126465e-01
8.863974213600158691e-01
2.467718720436096191e-01
5.919480323791503906e-02
9.755688309669494629e-01
3.291261196136474609e-01
5.900013446807861328e-01
1.586346030235290527e-01
1.325865387916564941e-01
9.863688349723815918e-01
4.528743028640747070e-02
5.638548731803894043e-01
6.189945936203002930e-01
7.077380418777465820e-01
7.014841437339782715e-01
6.024156212806701660e-01
2.351957559585571289e-02
7.983438968658447266e-01
3.910952806472778320e-02
5.759769082069396973e-01
6.150210499763488770e-01
7.780582904815673828e-01
3.694100975990295410e-01
6.672626733779907227e-02
1.233398914337158203e-01
3.750935196876525879e-01
1.449072360992431641e-01
9.666774272918701172e-01
1.701702475547790527e-01
5.319284796714782715e-01
1.340022683143615723e-01
9.339406490325927734e-01
8.371417522430419922e-01
9.900793433189392090e-01
7.293817996978759766e-01
3.178924918174743652e-01
5.628978013992309570e-01
4.589967131614685059e-01
9.539918303489685059e-01
1.269894838333129883e-02
4.091212153434753418e-01
7.349021434783935547e-01
3.887211084365844727e-01
6.421616077423095703e-01
6.726208925247192383e-01
1.459118723869323730e-01
5.715382099151611328e-02
9.554505348205566406e-03
7.779150009155273438e-01
7.836468219757080078e-01
6.324247121810913086e-01
7.101866006851196289e-01
9.620062708854675293e-01
1.232840418815612793e-01
3.657139539718627930e-01
5.544644594192504883e-02
6.467202305793762207e-01
6.972661614418029785e-01
5.953226685523986816e-01
6.812895536422729492e-01
4.655409455299377441e-01
6.334918141365051270e-01
4.541953802108764648e-01
9.326595067977905273e-01
9.735540151596069336e-01
8.216063976287841797e-01
5.221297740936279297e-01
4.116918444633483887e-01
5.123956799507141113e-01
8.040345907211303711e-01
7.000465989112854004e-01
2.907144427299499512e-01
2.690380215644836426e-01
8.513031005859375000e-01
1.734115481376647949e-01
2.027038335800170898e-01
2.205460667610168457e-01
2.967417240142822266e-02
5.123663544654846191e-01
5.909615755081176758e-02
3.217208981513977051e-01
5.668505430221557617e-01
3.759552240371704102e-01
2.665560245513916016e-01
9.526321291923522949e-01
5.532951951026916504e-01
5.846731662750244141e-01
2.057954072952270508e-01
4.233088493347167969e-01
9.748566150665283203e-01
5.942222476005554199e-01
3.124655485153198242e-01
9.920307993888854980e-01
7.244926095008850098e-01
8.680993318557739258e-02
6.844911575317382812e-01
3.254998326301574707e-01
7.164675593376159668e-01
7.445252537727355957e-01
9.183288812637329102e-01
5.477465987205505371e-01
7.482556700706481934e-01
6.980807185173034668e-01
6.272888183593750000e-01
8.392736315727233887e-01
6.904739141464233398e-02
7.876682877540588379e-01
2.016333937644958496e-01
4.306378364562988281e-01
1.587606668472290039e-01
1.677107810974121094e-01
3.932603597640991211e-01
4.232897758483886719e-01
1.448751091957092285e-01
9.379472136497497559e-01
8.606374263763427734e-01
3.869482874870300293e-01
3.469872474670410156e-02
4.462913274765014648e-01
5.751960873603820801e-01
5.268347263336181641e-01
7.428759336471557617e-01
1.470918059349060059e-01
1.871142983436584473e-01
9.910841584205627441e-01
3.886997103691101074e-01
7.820560336112976074e-01
7.931907176971435547e-01
9.346727728843688965e-01
6.966115236282348633e-01
9.204787015914916992e-01
4.891507625579833984e-01
2.138767838478088379e-01
1.799522042274475098e-01
6.574410200119018555e-02
2.694621682167053223e-01
7.774317860603332520e-01
1.422674059867858887e-01
9.676408171653747559e-01
6.954035758972167969e-01
8.578146100044250488e-01
9.106045961380004883e-02
8.613941669464111328e-01
9.828858375549316406e-01
9.252725243568420410e-01
5.423057675361633301e-01
8.271976709365844727e-01
4.283771514892578125e-01
5.353499054908752441e-01
9.487360119819641113e-01
6.556493639945983887e-01
4.960003495216369629e-01
9.738738536834716797e-01
4.169749021530151367e-01
3.355600237846374512e-01
3.642807602882385254e-01
3.657329082489013672e-01
9.272588491439819336e-01
6.974095106124877930e-01
2.067025303840637207e-01
4.140115976333618164e-01
9.133644104003906250e-01
4.434289932250976562e-01
9.753661751747131348e-01
9.270378947257995605e-01
5.937323570251464844e-01
1.164017915725708008e-01
4.471814632415771484e-02
7.594393491744995117e-01
5.179120898246765137e-01
3.873138427734375000e-01
5.917882323265075684e-01
8.210496902465820312e-01
2.426707148551940918e-01
6.504417657852172852e-01
7.883552908897399902e-01
8.066915869712829590e-01
9.015578627586364746e-01
6.298128366470336914e-01
6.143934726715087891e-01
9.487748742103576660e-01
7.376386523246765137e-01
3.385733366012573242e-01
8.959428071975708008e-01
7.100671529769897461e-02
4.702740907669067383e-02
5.568862557411193848e-01
1.493811011314392090e-01
9.503923654556274414e-01
7.566488981246948242e-01
9.942563176155090332e-01
4.536401033401489258e-01
3.237986564636230469e-02
1.123310327529907227e-01
7.329412698745727539e-01
8.361330628395080566e-01
7.014033198356628418e-01
3.461969494819641113e-01
8.260711431503295898e-01
3.370846509933471680e-01
6.563028693199157715e-01
7.154511213302612305e-01
9.189230203628540039e-01
4.754727482795715332e-01
9.762251377105712891e-02
9.136871695518493652e-01
8.614802956581115723e-01
3.644298315048217773e-01
5.742385387420654297e-01
3.431382775306701660e-01
2.273773550987243652e-01
4.056589007377624512e-01
1.449230313301086426e-01
5.700777173042297363e-01
9.615755081176757812e-02
4.062326550483703613e-01
2.257121801376342773e-01
3.223354816436767578e-01
5.283679366111755371e-01
4.733634591102600098e-01
9.305753707885742188e-01
7.157200574874877930e-02
8.293696641921997070e-01
5.524742603302001953e-02
6.338849067687988281e-01
1.476035714149475098e-01
9.698358178138732910e-01
2.744898200035095215e-01
7.751730680465698242e-01
9.365344047546386719e-02
7.457430958747863770e-01
8.127834200859069824e-01
5.260694026947021484e-01
7.576777338981628418e-01
5.032393336296081543e-01
9.809741377830505371e-01
5.657732486724853516e-01
7.855263948440551758e-01
3.757684230804443359e-01
7.214207649230957031e-01
5.872535705566406250e-01
6.541950106620788574e-01
2.583983540534973145e-01
1.078921556472778320e-02
9.712006449699401855e-01
9.719728827476501465e-01
3.001308441162109375e-01
6.920042037963867188e-01
2.191567420959472656e-02
7.862786650657653809e-01
5.705397129058837891e-01
8.214493989944458008e-01
8.284562230110168457e-01
4.436364173889160156e-01
2.539116144180297852e-01
9.598561525344848633e-01
2.335150837898254395e-01
9.746391773223876953e-01
1.149860620498657227e-01
7.083837389945983887e-01
3.565440773963928223e-01
8.026188015937805176e-01
9.257013201713562012e-01
1.739233732223510742e-01
2.997434139251708984e-01
8.033758401870727539e-01
2.036097645759582520e-01
5.080778002738952637e-01
5.727368593215942383e-01
9.365174770355224609e-01
2.228829264640808105e-01
4.103358387947082520e-01
2.231989502906799316e-01
3.914496302604675293e-01
4.765207767486572266e-01
5.847585797309875488e-01
3.077438473701477051e-01
5.054610967636108398e-01
1.823511719703674316e-01
1.095505356788635254e-01
1.179299950599670410e-01
6.431331038475036621e-01
6.548529863357543945e-02
9.208115339279174805e-01
9.604022502899169922e-01
6.859534382820129395e-01
7.707097530364990234e-01
1.293058395385742188e-01
9.207966923713684082e-01
7.714903354644775391e-01
6.290599703788757324e-01
3.073601722717285156e-01
6.658968329429626465e-01
1.696519851684570312e-01
6.858761310577392578e-01
7.638102173805236816e-01
3.534519076347351074e-01
1.870049238204956055e-01
8.939978480339050293e-01
5.680869221687316895e-01
6.806146502494812012e-01
6.088474988937377930e-01
3.358073234558105469e-01
9.889644384384155273e-02
5.584353208541870117e-01
6.109166741371154785e-01
1.010556817054748535e-01
3.517985939979553223e-01
2.493894696235656738e-01
4.594161510467529297e-01
7.776671051979064941e-01
6.128785014152526855e-01
7.407964468002319336e-01
5.816693902015686035e-01
2.437419891357421875e-01
4.923283457756042480e-01
2.853974699974060059e-01
1.115470528602600098e-01
1.528688669204711914e-01
3.711825609207153320e-02
1.230102777481079102e-01
3.577238321304321289e-01
8.546179533004760742e-02
7.123803496360778809e-01
3.925824761390686035e-01
4.998193979263305664e-01
4.811147451400756836e-01
1.082621812820434570e-01
1.138291358947753906e-01
7.154290080070495605e-01
9.486000537872314453e-01
2.372403144836425781e-01
3.363060951232910156e-02
8.528436422348022461e-01
3.461921811103820801e-01
7.911638617515563965e-01
6.272844076156616211e-01
4.319291710853576660e-01
8.242858648300170898e-01
7.327318191528320312e-02
2.367973327636718750e-03
8.403981328010559082e-01
2.468051314353942871e-01
4.907428026199340820e-01
9.025403857231140137e-01
2.963107824325561523e-02
8.717237114906311035e-01
2.438163161277770996e-01
7.267554998397827148e-01
9.370594620704650879e-01
6.454606652259826660e-01
8.467780947685241699e-01
5.467369556427001953e-01
2.568537592887878418e-01
6.621598601341247559e-01
8.117707371711730957e-01
2.699750661849975586e-01
1.701971292495727539e-01
6.618906259536743164e-01
7.629643678665161133e-01
7.108151912689208984e-03
6.773065924644470215e-01
6.830469369888305664e-01
6.961373686790466309e-01
3.882132172584533691e-01
4.882353544235229492e-02
8.876579403877258301e-01
3.156234025955200195e-01
9.586756825447082520e-01
1.698642373085021973e-01
8.884969353675842285e-01
7.260688543319702148e-01
9.701696038246154785e-01
6.641002893447875977e-01
6.244271397590637207e-01
4.123834967613220215e-01
6.330481171607971191e-01
2.421238422393798828e-01
9.063152670860290527e-01
3.881297111511230469e-01
7.721068859100341797e-01
5.655908584594726562e-01
3.017423152923583984e-01
9.225890636444091797e-01
1.088052988052368164e-02
6.790211200714111328e-01
3.570214509963989258e-01
2.321545481681823730e-01
7.915395498275756836e-02
9.574031233787536621e-01
3.375929594039916992e-01
9.993081688880920410e-01
9.387609362602233887e-01
5.737443566322326660e-01
8.338115215301513672e-01
1.640715599060058594e-01
4.981541633605957031e-01
3.611314892768859863e-01
2.627987861633300781e-01
9.196918606758117676e-01
5.296275019645690918e-01
2.416759729385375977e-02
1.979381442070007324e-01
5.225343704223632812e-01
4.672054052352905273e-01
2.018470168113708496e-01
3.090490698814392090e-01
5.521821975708007812e-01
5.378026366233825684e-01
5.255327224731445312e-01
6.972184777259826660e-01
5.555120706558227539e-01
8.809506297111511230e-01
8.048115372657775879e-01
5.456596612930297852e-02
9.559069871902465820e-01
6.115885376930236816e-01
8.926274776458740234e-01
8.363578319549560547e-01
2.630555629730224609e-01
2.651665210723876953e-01
2.588927745819091797e-01
1.414952874183654785e-01
5.335780978202819824e-01
7.627865076065063477e-01
8.859713673591613770e-01
5.313388705253601074e-01
9.766541123390197754e-01
4.766023159027099609e-01
8.636519908905029297e-01
5.248043537139892578e-01
1.364353299140930176e-01
5.573630332946777344e-02
2.566633820533752441e-01
4.467151165008544922e-01
1.536208391189575195e-01
1.179199218750000000e-01
6.217840909957885742e-01
6.145403385162353516e-01
8.646292686462402344e-01
7.377252578735351562e-01
4.924923181533813477e-01
7.036830186843872070e-01
3.255399465560913086e-01
1.145834326744079590e-01
9.671504497528076172e-01
5.889473557472229004e-01
2.622405886650085449e-01
8.303873538970947266e-01
7.364234328269958496e-01
7.880222201347351074e-01
4.538432359695434570e-01
9.209915995597839355e-01
8.405728340148925781e-01
3.736867904663085938e-01
8.348401784896850586e-01
7.134122252464294434e-01
9.011663794517517090e-01
4.189286231994628906e-01
5.837959647178649902e-01
7.077206969261169434e-01
3.874078392982482910e-01
9.675145149230957031e-03
2.876063585281372070e-01
6.574529409408569336e-02
6.570893526077270508e-01
1.973230242729187012e-01
6.131167411804199219e-01
2.225588560104370117e-01
8.985828161239624023e-01
2.537339925765991211e-02
5.392325520515441895e-01
8.602633476257324219e-01
6.302329301834106445e-01
2.797338366508483887e-01
9.724717736244201660e-01
3.698368668556213379e-01
6.634950041770935059e-01
9.470249414443969727e-01
3.201387524604797363e-01
4.801994562149047852e-02
4.851640462875366211e-01
5.003678202629089355e-01
7.909964323043823242e-01
5.353698730468750000e-01
5.082184076309204102e-01
8.384879827499389648e-01
1.759822368621826172e-01
9.818893671035766602e-02
1.618431210517883301e-01
5.293053388595581055e-02
9.493536949157714844e-01
2.330023050308227539e-01
5.918815135955810547e-01
6.435751318931579590e-01
1.310341358184814453e-01
7.214075326919555664e-01
9.513713717460632324e-01
9.281243681907653809e-01
1.585845947265625000e-01
3.545308709144592285e-01
2.101225256919860840e-01
6.627119779586791992e-01
2.880662083625793457e-01
7.766602635383605957e-01
4.319604039192199707e-01
1.025670766830444336e-02
9.586709737777709961e-01
5.532208085060119629e-01
2.680470943450927734e-01
3.382347822189331055e-01
9.529388546943664551e-01
1.221836209297180176e-01
8.149969577789306641e-02
9.648245573043823242e-01
3.382777571678161621e-01
6.384713649749755859e-01
7.722345590591430664e-01
2.201016545295715332e-01
3.896121382713317871e-01
5.484640598297119141e-02
3.051445484161376953e-01
5.838620662689208984e-02
5.340325236320495605e-01
4.150325059890747070e-02
9.232449531555175781e-01
2.399700880050659180e-02
1.276646852493286133e-01
2.715081572532653809e-01
4.286670684814453125e-02
9.832505583763122559e-01
5.611489415168762207e-01
3.504627346992492676e-01
6.943441629409790039e-01
3.976203799247741699e-01
1.092339754104614258e-01
6.698721647262573242e-01
5.799329280853271484e-02
4.946411252021789551e-01
3.556597828865051270e-01
3.653892278671264648e-01
3.715274333953857422e-01
3.143951892852783203e-01
3.798842430114746094e-03
3.509196639060974121e-01
3.606812953948974609e-01
5.999034047126770020e-01
8.859502673149108887e-01
5.597966313362121582e-01
6.938557028770446777e-01
5.067893862724304199e-01
5.833689570426940918e-01
1.487179398536682129e-01
1.848336458206176758e-01
2.635715603828430176e-01
9.947547912597656250e-01
8.304927945137023926e-01
1.719840168952941895e-01
9.139388203620910645e-01
8.965226411819458008e-01
1.721163988113403320e-01
2.885198593139648438e-02
2.549757361412048340e-01
2.772244215011596680e-01
8.642657995223999023e-01
3.169137239456176758e-02
8.191341161727905273e-01
1.597750782966613770e-01
9.585168957710266113e-01
9.421774744987487793e-01
8.176953196525573730e-01
5.030255317687988281e-01
6.867661476135253906e-01
1.662391424179077148e-02
1.500680446624755859e-01
8.490256667137145996e-01
1.364222764968872070e-01
1.236319541931152344e-01
8.534888029098510742e-01
2.726984620094299316e-01
6.621640920639038086e-01
5.006746649742126465e-01
7.910966873168945312e-03
2.102906107902526855e-01
7.168520092964172363e-01
9.393314719200134277e-01
5.911786556243896484e-01
7.263793349266052246e-01
4.756849408149719238e-01
9.329453706741333008e-01
2.449268102645874023e-02
4.138191342353820801e-01
4.953730106353759766e-02
3.828028440475463867e-01
4.625703692436218262e-01
4.459350705146789551e-01
2.684513926506042480e-01
2.091175913810729980e-01
1.144556403160095215e-01
6.113529205322265625e-01
2.507030367851257324e-01
8.679907917976379395e-01
8.710080385208129883e-01
9.925867319107055664e-01
1.691206097602844238e-01
4.994850754737854004e-01
7.245397567749023438e-01
3.587877750396728516e-01
6.718450784683227539e-02
5.533941388130187988e-01
5.493912100791931152e-01
1.830954551696777344e-01
8.784604668617248535e-01
4.728362560272216797e-01
4.101440906524658203e-01
5.387843251228332520e-01
3.853418827056884766e-01
1.094951629638671875e-01
7.518039941787719727e-01
7.654878497123718262e-01
4.334296584129333496e-01
9.992553591728210449e-01
2.914897799491882324e-01
5.836085081100463867e-01
6.366223692893981934e-01
6.010552048683166504e-01
7.496363520622253418e-01
2.480721473693847656e-02
7.250744700431823730e-01
8.328105211257934570e-01
7.154781222343444824e-01
9.317086338996887207e-01
4.161283373832702637e-01
1.570241451263427734e-01
5.250533223152160645e-01
4.183136224746704102e-01
6.744239330291748047e-01
6.965301632881164551e-01
1.652872562408447266e-01
4.167199730873107910e-01
9.726141691207885742e-01
4.382374286651611328e-01
6.545105576515197754e-01
9.265011548995971680e-02
2.263803482055664062e-01
1.172428727149963379e-01
9.507488608360290527e-01
1.543768048286437988e-01
8.990073800086975098e-01
6.240625977516174316e-01
4.667303562164306641e-01
4.705292582511901855e-01
1.188026070594787598e-01
1.773568391799926758e-01
7.853206992149353027e-01
6.542400717735290527e-01
1.439946889877319336e-02
4.932403564453125000e-03
3.586599230766296387e-01
2.236391305923461914e-01
1.145829558372497559e-01
4.848684072494506836e-01
5.253856778144836426e-01
6.725018024444580078e-01
7.538104057312011719e-02
8.076077103614807129e-01
2.277421355247497559e-01
4.713194966316223145e-01
6.448628902435302734e-01
1.816452145576477051e-01
7.197223305702209473e-01
4.005323052406311035e-01
2.610350847244262695e-01
5.049149394035339355e-01
4.338475465774536133e-01
4.711220264434814453e-01
5.606763362884521484e-01
9.569211602210998535e-01
6.009082198143005371e-01
7.324566841125488281e-01
6.035113334655761719e-02
7.557490468025207520e-01
5.629446506500244141e-01
7.354332804679870605e-01
6.920984387397766113e-01
2.286114692687988281e-01
4.582653641700744629e-01
8.370195627212524414e-01
7.899332046508789062e-02
4.838291406631469727e-01
4.253681898117065430e-01
8.047927618026733398e-01
3.660028576850891113e-01
4.701008200645446777e-01
3.028428554534912109e-02
7.196527123451232910e-01
4.598746895790100098e-01
6.396543383598327637e-01
9.934885501861572266e-01
7.715028524398803711e-02
8.317424058914184570e-01
6.343375444412231445e-01
6.387024521827697754e-01
4.836142063140869141e-01
1.894643902778625488e-01
6.969668269157409668e-01
9.009186029434204102e-01
6.829856634140014648e-01
3.788566589355468750e-01
7.597739100456237793e-01
2.443168759346008301e-01
3.461539745330810547e-01
6.998440027236938477e-01
5.319750308990478516e-02
5.159679055213928223e-01
8.317141532897949219e-01
1.986646652221679688e-01
5.264042019844055176e-01
7.841460108757019043e-01
6.021434068679809570e-01
1.141327023506164551e-01
1.477771997451782227e-01
4.752385020256042480e-01
4.516242742538452148e-01
6.704909801483154297e-01
8.760665655136108398e-01
4.662729501724243164e-01
2.766249775886535645e-01
9.744537472724914551e-01
5.118520855903625488e-01
1.811459660530090332e-01
1.791862249374389648e-01
8.232227563858032227e-01
8.511095046997070312e-01
1.732999086380004883e-02
8.596161007881164551e-01
3.922340869903564453e-01
9.023486375808715820e-01
3.668786883354187012e-01
3.330764174461364746e-01
9.131196737289428711e-01
1.737534999847412109e-02
6.149402260780334473e-01
9.240114688873291016e-01
2.147148847579956055e-01
9.750732183456420898e-01
8.506119251251220703e-02
1.087250709533691406e-01
7.421405911445617676e-01
9.033187031745910645e-01
2.174531221389770508e-01
7.886072397232055664e-01
9.236630797386169434e-01
3.148801326751708984e-01
4.124932289123535156e-01
2.507486939430236816e-01
8.194283843040466309e-01
7.307162880897521973e-01
7.205565571784973145e-01
6.586838960647583008e-01
8.989393115043640137e-01
9.389714598655700684e-01
9.912920594215393066e-01
1.383733749389648438e-01
1.689693331718444824e-01
7.776429057121276855e-01
3.285124301910400391e-01
9.466331601142883301e-01
9.241026639938354492e-01
4.406868815422058105e-01
3.975960612297058105e-01
9.247123003005981445e-01
1.664004325866699219e-01
3.294968605041503906e-02
5.522888898849487305e-01
4.030632972717285156e-02
1.153305768966674805e-01
2.577496170997619629e-01
9.255827665328979492e-01
2.765753269195556641e-01
3.149859309196472168e-01
9.053618907928466797e-01
8.160089850425720215e-01
8.907466530799865723e-01
2.321960926055908203e-01
4.464285969734191895e-01
2.810506820678710938e-01
9.487641453742980957e-01
9.621230959892272949e-01
9.741088151931762695e-01
4.606280922889709473e-01
8.325378298759460449e-01
6.653864383697509766e-01
8.297755122184753418e-01
2.008670568466186523e-01
6.462456583976745605e-01
8.649207353591918945e-01
4.858880639076232910e-01
9.817674160003662109e-01
9.614756703376770020e-01
5.173256397247314453e-01
5.054038763046264648e-02
3.655337691307067871e-01
8.181827664375305176e-01
4.399512410163879395e-01
3.984272480010986328e-03
8.624784350395202637e-01
2.693796157836914062e-01
4.256855249404907227e-01
7.057483792304992676e-01
4.610202908515930176e-01
1.370365023612976074e-01
3.605214357376098633e-01
6.237088441848754883e-01
4.744821190834045410e-01
6.436489224433898926e-01
8.762544393539428711e-01
3.647905588150024414e-01
1.487830281257629395e-01
2.337720990180969238e-01
1.575126647949218750e-01
8.296496272087097168e-01
1.841720938682556152e-01
2.098928093910217285e-01
1.088604927062988281e-01
9.004488587379455566e-01
3.437950611114501953e-01
3.087686300277709961e-01
6.259382367134094238e-01
3.064179420471191406e-01
4.016764163970947266e-01
9.969800114631652832e-01
3.489469289779663086e-01
2.435401082038879395e-01
6.414502859115600586e-01
1.776345372200012207e-01
3.880649805068969727e-01
4.549707770347595215e-01
3.830683231353759766e-02
9.933992624282836914e-01
3.351372480392456055e-01
3.891391754150390625e-01
8.359594941139221191e-01
8.129274845123291016e-01
3.913360238075256348e-01
4.188901782035827637e-01
9.571360945701599121e-01
6.548421978950500488e-01
8.483020067214965820e-01
9.522069692611694336e-01
8.414514660835266113e-01
1.849194765090942383e-01
1.478206515312194824e-01
2.165291905403137207e-01
6.472367048263549805e-02
8.039383888244628906e-01
2.974271774291992188e-01
1.147449016571044922e-01
1.321589946746826172e-02
5.737865567207336426e-01
2.617090940475463867e-01
5.600932240486145020e-01
3.377841711044311523e-01
9.257019758224487305e-01
5.304811596870422363e-01
1.948004364967346191e-01
8.172552585601806641e-01
6.034677624702453613e-01
7.264925837516784668e-01
9.288583993911743164e-01
7.904616594314575195e-01
7.276564836502075195e-01
3.450321555137634277e-01
1.555287241935729980e-01
6.705439686775207520e-01
2.047088742256164551e-01
1.956481933593750000e-01
1.168839335441589355e-01
4.990361332893371582e-01
4.133215546607971191e-01
3.881728649139404297e-02
4.475683569908142090e-01
5.442258119583129883e-01
9.799584746360778809e-01
5.418689846992492676e-01
1.632730364799499512e-01
6.338418722152709961e-01
3.736229538917541504e-01
1.520631313323974609e-01
7.345259189605712891e-03
1.663168072700500488e-01
5.355096459388732910e-01
3.653449416160583496e-01
6.183055043220520020e-01
7.144002914428710938e-01
3.619297146797180176e-01
3.094552159309387207e-01
4.795534610748291016e-01
5.850706100463867188e-01
5.593456625938415527e-01
5.649411678314208984e-01
6.806125044822692871e-01
5.229668617248535156e-01
8.600343465805053711e-01
9.223917126655578613e-01
7.945472002029418945e-02
2.764189243316650391e-01
4.928999543190002441e-01
3.440292477607727051e-01
4.305622577667236328e-01
5.734908580780029297e-01
1.579421162605285645e-01
8.958504796028137207e-01
9.530218243598937988e-01
1.363431811332702637e-01
9.848687648773193359e-01
2.273086905479431152e-01
9.927724003791809082e-01
6.465346813201904297e-01
9.761708974838256836e-01
8.164523839950561523e-01
6.730391979217529297e-01
3.327233195304870605e-01
7.153275012969970703e-01
3.681750297546386719e-01
4.070986509323120117e-01
3.440189361572265625e-02
7.060310840606689453e-01
2.895617485046386719e-02
8.498850464820861816e-01
2.975726127624511719e-02
4.867914915084838867e-01
2.729117870330810547e-02
5.732048749923706055e-01
7.502714395523071289e-01
5.331290960311889648e-01
7.248784899711608887e-01
3.015241026878356934e-01
9.241897463798522949e-01
6.220506429672241211e-01
2.555245757102966309e-01
8.036991357803344727e-01
5.344246029853820801e-01
1.161077022552490234e-01
6.402017474174499512e-01
7.149505019187927246e-01
6.372516751289367676e-01
1.117980480194091797e-01
6.358666419982910156e-01
9.134494066238403320e-01
3.243410587310791016e-01
3.901977539062500000e-01
2.687675952911376953e-01
6.635599136352539062e-01
2.435064911842346191e-01
7.018998265266418457e-01
4.857274293899536133e-01
8.896123170852661133e-01
7.642878890037536621e-01
7.510581016540527344e-01
1.146803498268127441e-01
6.707763075828552246e-01
3.375993371009826660e-01
9.770228266716003418e-01
5.258384943008422852e-01
9.126901030540466309e-01
9.894863367080688477e-01
9.307247400283813477e-01
4.316748976707458496e-01
1.033333539962768555e-01
9.373891353607177734e-01
3.509512543678283691e-01
9.277672171592712402e-01
9.584490060806274414e-01
3.937047123908996582e-01
5.515924692153930664e-01
5.473105311393737793e-01
3.839018940925598145e-01
7.844409942626953125e-01
7.198762893676757812e-01
9.259082674980163574e-01
1.909078955650329590e-01
4.683716893196105957e-01
1.714755892753601074e-01
3.961473107337951660e-01
8.149293661117553711e-01
4.810065031051635742e-02
3.967279791831970215e-01
8.830406069755554199e-01
7.139825820922851562e-01
9.380258917808532715e-01
8.119004964828491211e-01
7.309620380401611328e-01
2.361668944358825684e-01
1.926488876342773438e-01
9.768949151039123535e-01
5.240578055381774902e-01
4.234819412231445312e-01
4.559275507926940918e-01
9.389845728874206543e-01
9.402174353599548340e-01
2.653509378433227539e-01
7.040854692459106445e-01
8.746762871742248535e-01
2.371542453765869141e-01
5.583643913269042969e-01
7.908433079719543457e-01
4.987378120422363281e-01
9.441165328025817871e-01
4.155341982841491699e-01
4.956420063972473145e-01
3.573279976844787598e-01
4.707998037338256836e-01
5.429744124412536621e-01
7.517329454421997070e-01
4.733390212059020996e-01
1.619548797607421875e-01
1.608029603958129883e-01
6.704356670379638672e-01
4.886295199394226074e-01
5.606928467750549316e-01
6.699088215827941895e-01
5.008306503295898438e-01
4.187347292900085449e-01
4.502395391464233398e-01
7.285391092300415039e-01
6.051620244979858398e-01
4.224325418472290039e-01
8.006281256675720215e-01
3.701126575469970703e-01
3.201191425323486328e-01
2.391443252563476562e-01
2.739269733428955078e-01
2.055432200431823730e-01
1.395567059516906738e-01
9.229142069816589355e-01
1.965816020965576172e-01
2.051651477813720703e-03
5.710206031799316406e-01
2.707633376121520996e-01
4.330251216888427734e-01
2.432310581207275391e-02
5.142657160758972168e-01
3.645898103713989258e-01
3.874079585075378418e-01
2.037792801856994629e-01
4.309974312782287598e-01
6.089177727699279785e-01
5.841357707977294922e-01
9.576955437660217285e-01
7.277734279632568359e-01
2.941830158233642578e-01
9.826699495315551758e-01
3.856581449508666992e-02
7.775672674179077148e-01
3.113088607788085938e-01
9.419192075729370117e-01
8.604504466056823730e-01
5.525529980659484863e-01
6.676559448242187500e-01
2.517012953758239746e-01
1.287997961044311523e-01
7.214474081993103027e-01
8.205323815345764160e-01
2.809982299804687500e-01
1.844251155853271484e-02
5.950390696525573730e-01
8.780366182327270508e-01
1.430469751358032227e-02
5.465601086616516113e-01
5.551213026046752930e-02
5.326153039932250977e-01
1.698910593986511230e-01
7.046636343002319336e-01
4.942576885223388672e-01
1.884013414382934570e-02
7.156081795692443848e-01
5.387206673622131348e-01
6.253333687782287598e-01
2.231538295745849609e-01
1.845991611480712891e-01
4.641047716140747070e-01
4.401482939720153809e-01
2.622353434562683105e-01
5.902938246726989746e-01
9.762306213378906250e-01
5.061721801757812500e-01
5.286361575126647949e-01
3.067879676818847656e-01
2.361084818840026855e-01
3.828837275505065918e-01
1.445591449737548828e-03
1.787877678871154785e-01
6.050310134887695312e-01
5.695164799690246582e-01
5.258046984672546387e-01
4.561028480529785156e-01
6.575046777725219727e-01
2.130691409111022949e-01
1.649951934814453125e-01
4.992479085922241211e-01
5.784225463867187500e-01
1.063448786735534668e-01
8.364694118499755859e-01
7.011950016021728516e-01
9.131401181221008301e-01
1.879715919494628906e-01
2.019476890563964844e-02
9.141047596931457520e-01
7.017772197723388672e-01
5.518646836280822754e-01
7.530041337013244629e-01
3.200067877769470215e-01
1.529380083084106445e-01
4.249089956283569336e-02
1.028700470924377441e-01
9.387212395668029785e-01
2.173960804939270020e-01
7.363945245742797852e-01
6.273289918899536133e-01
5.881795883178710938e-01
4.024542570114135742e-01
1.593583226203918457e-01
7.072794437408447266e-01
5.889773368835449219e-03
9.751229286193847656e-01
9.084251523017883301e-01
4.342370033264160156e-01
2.820559144020080566e-01
9.153202176094055176e-01
9.499426484107971191e-01
4.410893321037292480e-01
6.587041020393371582e-01
5.484000444412231445e-01
7.123347520828247070e-01
1.251782774925231934e-01
6.051096320152282715e-01
6.806990504264831543e-01
3.071794509887695312e-01
2.383983135223388672e-02
9.722954630851745605e-01
9.276478290557861328e-01
6.289101243019104004e-01
5.336087942123413086e-01
2.270788550376892090e-01
6.106601357460021973e-01
6.952586174011230469e-01
6.797105073928833008e-02
1.732400059700012207e-01
1.398575305938720703e-02
7.782323956489562988e-01
7.691407203674316406e-02
6.375239491462707520e-01
8.623802661895751953e-01
1.423031687736511230e-01
9.295050501823425293e-01
7.896045446395874023e-01
3.232939839363098145e-01
4.462794661521911621e-01
7.743523120880126953e-01
4.962128400802612305e-02
2.457268834114074707e-01
9.439631104469299316e-01
1.868230104446411133e-02
6.696206331253051758e-01
4.241887927055358887e-01
7.718077898025512695e-01
2.728792428970336914e-01
5.174982547760009766e-01
7.125579714775085449e-01
1.542848348617553711e-01
5.898396968841552734e-01
6.158351898193359375e-01
1.954331994056701660e-01
2.784043550491333008e-02
2.249103784561157227e-01
3.582412600517272949e-01
4.981852173805236816e-01
4.858923554420471191e-01
3.325146436691284180e-02
9.194983243942260742e-01
1.965439319610595703e-01
6.595081686973571777e-01
4.846543073654174805e-01
8.296453356742858887e-01
5.381619930267333984e-02
2.348704338073730469e-01
4.998694062232971191e-01
7.762081027030944824e-01
8.021239638328552246e-01
5.239778757095336914e-02
3.990164995193481445e-01
3.496733307838439941e-01
2.557141184806823730e-01
1.182643175125122070e-01
8.079089522361755371e-01
7.714444398880004883e-01
8.990266919136047363e-01
5.942344665527343750e-02
1.979044079780578613e-01
2.274280786514282227e-02
1.627293825149536133e-01
3.211605548858642578e-02
9.063971638679504395e-01
4.885087609291076660e-01
2.690005898475646973e-01
8.976676464080810547e-01
6.037133932113647461e-01
2.142416834831237793e-01
8.424806594848632812e-02
8.478798270225524902e-01
1.423269510269165039e-02
5.144366025924682617e-01
3.371385335922241211e-01
1.627277135848999023e-01
3.533592820167541504e-01
9.884472489356994629e-01
6.109620928764343262e-01
4.656539559364318848e-01
9.005622267723083496e-01
2.964616417884826660e-01
5.487316846847534180e-01
3.103756308555603027e-01
3.896688222885131836e-01
9.963224530220031738e-01
6.696338057518005371e-01
5.309651494026184082e-01
5.216670036315917969e-01
7.237793803215026855e-01
7.097337841987609863e-01
1.637971401214599609e-02
7.292031049728393555e-01
6.214095950126647949e-01
6.906147003173828125e-01
6.067381501197814941e-01
6.479369401931762695e-01
5.208456516265869141e-02
8.672338724136352539e-02
3.789528012275695801e-01
9.318712353706359863e-01
2.958043217658996582e-01
8.671870827674865723e-01
4.569514393806457520e-01
2.210387587547302246e-01
4.394261240959167480e-01
6.806439161300659180e-02
9.748219847679138184e-01
6.026171445846557617e-01
5.673514008522033691e-01
3.309673666954040527e-01
3.177337050437927246e-01
2.465471029281616211e-01
1.506723761558532715e-01
7.435274124145507812e-01
7.580417394638061523e-01
8.446697592735290527e-01
5.609204173088073730e-01
1.720600128173828125e-01
5.103339552879333496e-01
2.687863111495971680e-01
4.356115460395812988e-01
8.652403950691223145e-01
1.772757768630981445e-01
9.546964764595031738e-01
6.142234206199645996e-01
4.129830598831176758e-01
5.851552486419677734e-01
6.277547478675842285e-01
2.516350746154785156e-01
1.658195257186889648e-02
8.505321145057678223e-01
2.416499257087707520e-01
7.374205589294433594e-01
8.188081979751586914e-01
6.999917030334472656e-01
4.917293190956115723e-01
3.586868047714233398e-01
4.228302240371704102e-01
8.298061490058898926e-01
1.824193596839904785e-01
5.194621682167053223e-01
4.065970182418823242e-01
7.899896502494812012e-01
9.457485079765319824e-01
4.364124536514282227e-01
2.911035418510437012e-01
1.700763106346130371e-01
3.890878558158874512e-01
6.085472702980041504e-01
5.854041576385498047e-01
1.575323343276977539e-01
6.245682835578918457e-01
4.034626483917236328e-01
7.567131519317626953e-02
9.608621001243591309e-01
3.160874843597412109e-01
7.471817135810852051e-01
7.190639376640319824e-01
3.369574546813964844e-01
6.625015735626220703e-01
3.709773421287536621e-01
3.757882118225097656e-02
3.929740190505981445e-02
2.572090029716491699e-01
3.375999927520751953e-01
3.114802241325378418e-01
9.057822227478027344e-01
3.052547574043273926e-01
1.073527336120605469e-02
2.846692800521850586e-01
3.957117199897766113e-01
7.041893601417541504e-01
8.865602612495422363e-01
5.933094024658203125e-02
4.898361563682556152e-01
1.779057979583740234e-01
7.429975867271423340e-01
7.376903891563415527e-01
7.239645719528198242e-02
5.531901121139526367e-02
5.577464699745178223e-01
1.660922765731811523e-01
8.085587620735168457e-01
4.678837656974792480e-01
6.773027181625366211e-01
4.795568585395812988e-01
4.546682238578796387e-01
8.197234272956848145e-01
6.635649800300598145e-01
5.643172264099121094e-01
5.442076921463012695e-02
6.064075231552124023e-02
8.068271279335021973e-01
3.778030872344970703e-01
8.101674914360046387e-01
8.169694542884826660e-01
6.927757263183593750e-01
9.732427597045898438e-01
1.172042489051818848e-01
9.605598449707031250e-01
8.337922096252441406e-01
3.236811757087707520e-01
2.803986668586730957e-01
5.990847945213317871e-01
4.428718686103820801e-01
1.222652196884155273e-02
3.853439092636108398e-01
7.175408601760864258e-01
3.358376026153564453e-01
4.760391116142272949e-01
2.712982892990112305e-02
2.232099175453186035e-01
1.534815430641174316e-01
2.153756618499755859e-01
8.090838789939880371e-01
2.597153186798095703e-01
8.120779395103454590e-01
4.452060461044311523e-01
3.851510286331176758e-01
2.498632669448852539e-02
1.872052550315856934e-01
2.076625823974609375e-04
8.859640359878540039e-01
2.529419660568237305e-01
8.001576066017150879e-01
3.339324593544006348e-01
5.202408432960510254e-01
1.492235660552978516e-01
9.449076652526855469e-02
2.682315707206726074e-01
9.857995510101318359e-01
5.057497620582580566e-01
3.780694007873535156e-01
3.876654505729675293e-01
3.918450474739074707e-01
8.459364771842956543e-01
7.325539588928222656e-01
5.331629514694213867e-01
7.429088354110717773e-01
7.284311652183532715e-01
9.235545992851257324e-01
2.274642586708068848e-01
9.989941120147705078e-02
9.162698984146118164e-01
4.501827359199523926e-01
2.727492451667785645e-01
9.439070820808410645e-01
1.758822798728942871e-01
5.106643438339233398e-01
4.908281564712524414e-01
7.967714071273803711e-01
3.373565077781677246e-01
5.300728082656860352e-01
6.570333242416381836e-02
1.732824444770812988e-01
4.897901415824890137e-01
8.003992438316345215e-01
8.862581849098205566e-01
9.401248693466186523e-01
2.581280469894409180e-02
5.190980434417724609e-01
4.668823480606079102e-01
5.641500353813171387e-01
5.745386481285095215e-01
5.706393718719482422e-02
8.808821439743041992e-01
2.923828959465026855e-01
7.155225872993469238e-01
1.585220694541931152e-01
2.455593943595886230e-01
6.220275163650512695e-01
2.740821838378906250e-01
3.451951146125793457e-01
6.568378210067749023e-01
2.645695209503173828e-01
2.923969626426696777e-01
3.739526867866516113e-01
4.949383735656738281e-01
9.578727483749389648e-01
5.684723854064941406e-01
7.108204364776611328e-01
1.173406839370727539e-01
3.766739368438720703e-02
3.199928998947143555e-02
9.036030173301696777e-01
1.719744801521301270e-01
9.447178840637207031e-01
1.486628055572509766e-01
2.113863825798034668e-01
7.681246995925903320e-01
9.676977992057800293e-01
3.172446489334106445e-01
5.180326104164123535e-01
8.020891547203063965e-01
9.336799383163452148e-01
8.545070886611938477e-02
7.764124274253845215e-01
7.397925853729248047e-01
4.886582493782043457e-01
6.286783814430236816e-01
9.077633619308471680e-01
6.801123619079589844e-01
7.033983469009399414e-01
5.432525277137756348e-01
7.377403378486633301e-01
7.744394540786743164e-01
3.329954743385314941e-01
6.595331430435180664e-02
7.534103393554687500e-01
6.302555203437805176e-01
9.040301442146301270e-01
9.185242652893066406e-02
4.768995046615600586e-01
2.422711849212646484e-01
5.919857025146484375e-01
5.620282888412475586e-01
9.336218237876892090e-01
1.504063606262207031e-01
4.420644640922546387e-01
7.757275104522705078e-01
8.468484282493591309e-01
7.428653836250305176e-01
4.377863407135009766e-01
4.759784936904907227e-01
7.921338081359863281e-02
3.706485033035278320e-02
3.682971000671386719e-03
3.283612132072448730e-01
7.742559313774108887e-01
3.505491018295288086e-01
9.854509830474853516e-01
9.147405624389648438e-03
7.086275815963745117e-01
2.266833186149597168e-01
2.420274615287780762e-01
9.683478474617004395e-01
7.755120992660522461e-01
2.019549012184143066e-01
6.189483404159545898e-02
3.466258645057678223e-01
9.038711786270141602e-01
8.837103843688964844e-02
1.832403540611267090e-01
9.783024787902832031e-01
3.486979007720947266e-02
3.428308367729187012e-01
5.927543640136718750e-01
7.449759244918823242e-01
3.837368488311767578e-01
8.370941281318664551e-01
3.856627941131591797e-01
4.655560255050659180e-01
5.363665819168090820e-01
9.175187945365905762e-01
9.883971810340881348e-01
9.599344730377197266e-01
4.933581948280334473e-01
8.860211968421936035e-01
1.328398585319519043e-01
6.205095052719116211e-01
3.030401468276977539e-01
3.884515762329101562e-01
6.060879826545715332e-01
7.886617779731750488e-01
6.221849322319030762e-01
7.912564277648925781e-02
4.685539603233337402e-01
6.988822817802429199e-01
2.939221262931823730e-01
3.818959593772888184e-01
1.531965732574462891e-01
2.742416262626647949e-01
8.217499852180480957e-01
2.559279203414916992e-01
9.084575772285461426e-01
5.429339408874511719e-01
6.224359273910522461e-01
8.282067179679870605e-01
9.382282495498657227e-01
6.190633773803710938e-01
4.150353074073791504e-01
7.178380489349365234e-01
5.449743866920471191e-01
3.801759481430053711e-01
3.829230666160583496e-01
1.691881418228149414e-01
9.286940693855285645e-01
3.189839720726013184e-01
7.715713977813720703e-02
1.710486412048339844e-02
2.093558907508850098e-01
6.111227869987487793e-01
1.632836461067199707e-01
6.194545030593872070e-01
6.377068161964416504e-01
4.196615219116210938e-01
1.690014600753784180e-01
6.425604820251464844e-01
6.258423924446105957e-01
4.377386569976806641e-01
5.329935550689697266e-01
1.519128680229187012e-01
4.192214608192443848e-01
6.599074602127075195e-02
1.323577761650085449e-01
3.631142377853393555e-01
7.949312925338745117e-01
8.782094120979309082e-01
1.955248713493347168e-01
1.683394908905029297e-01
1.084754467010498047e-01
4.051399230957031250e-02
4.023728966712951660e-01
2.692199349403381348e-01
8.981480598449707031e-01
7.559294700622558594e-01
1.203503012657165527e-01
2.430246472358703613e-01
2.782686948776245117e-01
1.612113714218139648e-01
9.809634685516357422e-01
7.549571990966796875e-02
1.151120066642761230e-01
9.816391468048095703e-01
6.856480240821838379e-01
8.964759111404418945e-02
5.248659849166870117e-02
9.814090132713317871e-01
7.709241509437561035e-01
1.355671286582946777e-01
8.714167475700378418e-01
2.179997563362121582e-01
4.982440471649169922e-01
4.966474175453186035e-01
9.327787160873413086e-02
9.432891607284545898e-01
8.877663612365722656e-01
2.693397998809814453e-01
3.698651790618896484e-01
1.488007903099060059e-01
1.583131551742553711e-01
8.436669111251831055e-01
6.466779708862304688e-01
3.752064704895019531e-02
1.071370840072631836e-01
3.944872021675109863e-01
4.829462170600891113e-01
6.041830778121948242e-02
9.834227561950683594e-01
1.989453434944152832e-01
5.534494519233703613e-01
3.017917871475219727e-01
7.827373743057250977e-01
6.319300532341003418e-01
2.660640478134155273e-01
8.284983634948730469e-01
4.017730355262756348e-01
3.095659017562866211e-01
9.783803224563598633e-01
1.113378405570983887e-01
9.413523674011230469e-01
8.889477252960205078e-01
8.202279806137084961e-01
8.225545287132263184e-01
4.933346509933471680e-01
6.651247739791870117e-01
2.025104165077209473e-01
9.353333711624145508e-01
9.276926517486572266e-02
7.255345582962036133e-01
7.323155999183654785e-01
3.767116069793701172e-01
1.727776527404785156e-01
3.501936197280883789e-01
7.662056684494018555e-01
2.708548307418823242e-02
7.561848759651184082e-01
4.537128806114196777e-01
3.503655195236206055e-01
6.654526591300964355e-01
9.323208928108215332e-01
8.701717257499694824e-01
3.343388438224792480e-01
2.680797576904296875e-01
1.046759486198425293e-01
2.797873020172119141e-01
1.519179344177246094e-02
3.100043535232543945e-01
9.421958327293395996e-01
6.086565852165222168e-01
4.616172313690185547e-01
6.320160031318664551e-01
7.554289698600769043e-01
1.450085639953613281e-02
9.852028489112854004e-01
5.994590520858764648e-01
8.689954876899719238e-01
5.427827239036560059e-01
8.019902110099792480e-01
3.594571352005004883e-02
6.068052649497985840e-01
8.852628469467163086e-01
4.650601148605346680e-01
9.548939466476440430e-01
3.763070106506347656e-01
5.119296908378601074e-01
2.459865808486938477e-02
8.528453111648559570e-01
3.131739497184753418e-01
8.259838223457336426e-01
2.496408820152282715e-01
6.968374252319335938e-01
4.502775073051452637e-01
9.952584505081176758e-01
4.458956122398376465e-01
7.431418299674987793e-01
7.832837104797363281e-02
9.955784082412719727e-01
5.274767279624938965e-01
2.252155542373657227e-02
4.361979961395263672e-01
3.876805305480957031e-03
8.916178941726684570e-01
1.671504378318786621e-01
3.685675263404846191e-01
8.249598741531372070e-01
4.489046335220336914e-02
7.496567964553833008e-01
7.086815834045410156e-01
8.000657558441162109e-01
1.889539361000061035e-01
8.904585242271423340e-01
6.094216704368591309e-01
4.308913946151733398e-01
3.599949479103088379e-01
5.713659524917602539e-01
1.413518190383911133e-02
2.656831145286560059e-01
9.367829561233520508e-01
2.532277703285217285e-01
2.631533741950988770e-01
5.688146948814392090e-01
6.356453895568847656e-01
1.633467674255371094e-01
4.921661019325256348e-01
6.222312450408935547e-01
6.980213522911071777e-01
4.722751379013061523e-01
8.548706769943237305e-01
5.698561668395996094e-03
8.836140632629394531e-01
2.127404808998107910e-01
5.480595827102661133e-01
7.085937261581420898e-02
2.121247649192810059e-01
4.062454104423522949e-01
3.835532665252685547e-01
6.664467453956604004e-01
7.397218346595764160e-01
3.903723359107971191e-01
1.665831804275512695e-01
2.881950139999389648e-01
6.540598869323730469e-01
5.704834461212158203e-01
3.048629760742187500e-01
7.641037106513977051e-01
6.299306154251098633e-01
4.090511798858642578e-01
6.150856614112854004e-01
8.815458416938781738e-01
3.983558416366577148e-01
4.124507308006286621e-01
4.511666893959045410e-01
4.040343761444091797e-01
4.553109407424926758e-02
6.688030958175659180e-01
7.885546684265136719e-01
1.005784869194030762e-01
8.285412192344665527e-01
6.418001055717468262e-01
9.738677740097045898e-02
1.290851831436157227e-02
6.048189401626586914e-01
9.846289157867431641e-01
1.814175248146057129e-01
7.452344894409179688e-02
4.381799697875976562e-01
6.624611616134643555e-01
3.324574828147888184e-01
6.781465411186218262e-01
4.516813755035400391e-01
9.575200080871582031e-02
4.288393259048461914e-01
3.073816895484924316e-01
8.165613412857055664e-01
4.507982730865478516e-02
6.950082182884216309e-01
5.055443644523620605e-01
1.704212427139282227e-01
7.292916774749755859e-01
9.053474664688110352e-01
2.329103350639343262e-01
5.828830599784851074e-01
8.486049771308898926e-01
1.373574733734130859e-01
5.118747353553771973e-01
3.392461538314819336e-01
1.573185324668884277e-01
1.941851973533630371e-01
5.422273874282836914e-01
1.771844029426574707e-01
1.178207993507385254e-01
2.066239714622497559e-01
1.677338480949401855e-01
2.634525299072265625e-03
4.254025220870971680e-02
9.611439704895019531e-01
7.768148183822631836e-02
9.260256290435791016e-01
2.598938345909118652e-01
9.618864655494689941e-01
3.262284398078918457e-01
7.161545753479003906e-01
8.895935416221618652e-01
2.036858797073364258e-01
4.657896161079406738e-01
2.455370426177978516e-01
5.885909795761108398e-01
7.416197061538696289e-01
2.063581943511962891e-01
6.572045683860778809e-01
8.159379959106445312e-01
5.896928310394287109e-01
1.683940887451171875e-01
9.812833666801452637e-01
8.712624907493591309e-01
6.445568799972534180e-01
4.768717288970947266e-01
9.717772006988525391e-01
5.659241080284118652e-01
8.601979017257690430e-01
5.492908358573913574e-01
6.012558937072753906e-03
6.290605664253234863e-01
3.328262567520141602e-01
5.752098560333251953e-01
6.735807061195373535e-01
6.688235402107238770e-01
1.333093643188476562e-02
1.265275478363037109e-01
2.406744956970214844e-01
2.854596972465515137e-01
2.165591120719909668e-01
8.496232628822326660e-01
6.180711984634399414e-01
8.946921229362487793e-01
7.085719704627990723e-01
8.356446623802185059e-01
6.091564297676086426e-01
8.493131995201110840e-01
6.011347174644470215e-01
4.803830981254577637e-01
9.083002209663391113e-01
6.342956423759460449e-01
3.999810814857482910e-01
2.357460856437683105e-01
5.687982439994812012e-01
6.548804044723510742e-01
3.652471899986267090e-01
8.710644841194152832e-01
3.470553159713745117e-01
2.100642323493957520e-01
6.821668148040771484e-02
7.549655437469482422e-02
8.919770717620849609e-01
5.375021696090698242e-01
4.069894552230834961e-01
5.542673468589782715e-01
5.189585089683532715e-01
3.625425100326538086e-01
4.936394095420837402e-01
1.014328002929687500e-01
4.494662880897521973e-01
7.716295719146728516e-01
4.305650591850280762e-01
8.184757828712463379e-01
5.309015512466430664e-01
1.834638714790344238e-01
9.522516727447509766e-01
7.728701829910278320e-02
5.071632266044616699e-01
2.023844122886657715e-01
6.081421375274658203e-01
4.735776782035827637e-01
8.314483165740966797e-01
6.999785900115966797e-01
3.540541529655456543e-01
2.059829235076904297e-01
7.270956635475158691e-01
6.864284873008728027e-01
6.072712540626525879e-01
3.247032165527343750e-01
1.740108728408813477e-01
1.856380701065063477e-01
2.233477830886840820e-01
4.106259346008300781e-01
8.773659467697143555e-01
8.079522252082824707e-01
4.697018861770629883e-02
5.491656064987182617e-01
1.778754591941833496e-01
9.014534354209899902e-01
6.749238371849060059e-01
9.417735338211059570e-01
1.556616425514221191e-01
1.804072260856628418e-01
2.527691721916198730e-01
3.247646689414978027e-01
1.849443316459655762e-01
8.452882766723632812e-01
5.386650562286376953e-01
4.213150739669799805e-01
5.514993667602539062e-01
2.217125296592712402e-01
1.898507475852966309e-01
7.870649099349975586e-01
6.655138731002807617e-02
9.995338916778564453e-01
6.059169173240661621e-01
6.444489955902099609e-02
6.461261510848999023e-01
2.184728980064392090e-01
8.239788413047790527e-01
4.495520591735839844e-01
9.130955934524536133e-01
7.931357622146606445e-02
2.942192554473876953e-01
1.654309034347534180e-02
4.287637472152709961e-01
2.462704777717590332e-01
1.539139747619628906e-01
8.198466897010803223e-01
2.939458489418029785e-01
4.041377305984497070e-01
9.209784865379333496e-01
1.788941025733947754e-01
2.892896533012390137e-01
1.171219348907470703e-02
6.057858467102050781e-02
5.031475424766540527e-01
9.346842169761657715e-01
7.802354097366333008e-01
2.020030021667480469e-01
5.444335341453552246e-01
4.632432460784912109e-01
1.405085921287536621e-01
9.255801439285278320e-01
9.588405489921569824e-01
7.615387439727783203e-03
6.098288297653198242e-02
9.467983841896057129e-01
5.308390855789184570e-01
2.920238971710205078e-01
3.115102052688598633e-01
4.816485643386840820e-01
6.434445381164550781e-01
8.096706867218017578e-01
3.006051778793334961e-01
5.344062447547912598e-01
3.283739089965820312e-02
4.234545230865478516e-01
8.802574276924133301e-01
8.043181896209716797e-01
5.492367744445800781e-01
8.398216366767883301e-01
9.070589542388916016e-01
8.344092369079589844e-01
8.315637111663818359e-01
5.876372456550598145e-01
1.173228025436401367e-01
9.941975474357604980e-01
6.502998471260070801e-01
2.655808925628662109e-01
2.697907090187072754e-01
8.237698674201965332e-01
2.678001523017883301e-01
2.132680416107177734e-01
2.331489324569702148e-01
2.831245660781860352e-01
8.797960281372070312e-01
9.456149935722351074e-01
8.986308574676513672e-01
8.304144144058227539e-01
2.869129180908203125e-03
6.928610801696777344e-02
8.008636832237243652e-01
5.393971204757690430e-01
8.146399259567260742e-01
5.324494838714599609e-01
7.101162075996398926e-01
6.505509018898010254e-01
8.765519261360168457e-01
5.154817700386047363e-01
9.786639809608459473e-01
6.891826391220092773e-01
